camera matrix
1154.812999 0.000000 999.844718
0.000000 1135.252023 828.242911
0.000000 0.000000 1.000000

distortion
0.111457 -0.115724 -0.007987 -0.006429 0.000000

rectification
1.000000 0.000000 0.000000
0.000000 1.000000 0.000000
0.000000 0.000000 1.000000

projection
1173.695679 0.000000 978.082857 0.000000
0.000000 1171.672119 816.138494 0.000000
0.000000 0.000000 1.000000 0.000000


D = [0.11145695345134207, -0.11572393583329832, -0.007987359100671066, -0.0064286178966960405, 0.0]
K = [1154.812999020846, 0.0, 999.84471799648, 0.0, 1135.2520226329138, 828.2429105286868, 0.0, 0.0, 1.0]
R = [1.0, 0.0, 0.0, 0.0, 1.0, 0.0, 0.0, 0.0, 1.0]
P = [1173.6956787109375, 0.0, 978.0828570370068, 0.0, 0.0, 1171.672119140625, 816.1384942733712, 0.0, 0.0, 0.0, 1.0, 0.0]

