1403636858651666432.000000 0.000000000 0.000000000 0.000000000 0.000000000 0.000000000 0.000000000 1.000000000
1403636860501666560.000000 0.086759470 -0.176860064 -0.053986672 0.066265777 -0.072458707 -0.003122124 0.995162725
1403636861051666432.000000 0.088912278 -0.180835053 -0.072220355 0.082885586 -0.058849558 0.010383640 0.994765759
1403636861501666560.000000 0.091078654 -0.409930497 -0.121109098 -0.003607955 -0.063396923 0.012147367 0.997907937
1403636862551666432.000000 0.089681618 -0.190881670 -0.071316063 0.085097648 -0.053914733 0.011018508 0.994851828
1403636863101666560.000000 0.086535163 -0.470445126 -0.135404170 0.027411448 -0.075016730 0.009060840 0.996764243
1403636863251666432.000000 0.090696827 -0.421477288 -0.121768624 0.024991708 -0.078725226 0.021062583 0.996360421
1403636863851666432.000000 0.100001037 -0.099926896 -0.046458438 0.087730348 -0.071642950 -0.004576540 0.993554115
1403636864551666432.000000 0.082266703 -0.456293792 -0.136733547 0.035944071 -0.074890539 -0.001914212 0.996541917
1403636864701666560.000000 0.082169153 -0.463366747 -0.134125680 0.017281061 -0.078801535 0.004370635 0.996730924
1403636866151666432.000000 0.067034811 -0.478492022 -0.130599007 -0.005200543 -0.073848203 -0.005106982 0.997242868
1403636866651666432.000000 0.080965698 -0.362143308 -0.099353097 0.027393905 -0.090307571 0.011076265 0.995475471
1403636866901666560.000000 0.091138944 -0.263066560 -0.086704299 0.055971056 -0.075557664 0.005206629 0.995555699
1403636867751666432.000000 0.079141296 -0.199038208 -0.151047006 0.231217891 -0.051845040 -0.009186499 0.971476197
1403636867851666432.000000 0.080287084 -0.193143100 -0.158048138 0.280942887 -0.055941731 -0.015469909 0.957967818
1403636869451666432.000000 0.021045441 -0.201851845 -0.202256262 0.252476484 -0.056022644 -0.019806420 0.965776801
1403636869901666560.000000 0.115110591 -0.208777785 -0.192697987 0.254049480 -0.070201375 -0.024933534 0.964317858
1403636870151666432.000000 0.234266549 -0.218246073 -0.176004484 0.251912802 -0.088993669 -0.035239458 0.963004827
1403636870451666432.000000 0.388586760 -0.231763959 -0.159554511 0.243551388 -0.106505327 -0.035222873 0.963378787
1403636870701666560.000000 0.478246331 -0.228559583 -0.151021808 0.254371196 -0.123085544 -0.042630043 0.958294272
1403636872201666560.000000 0.072389215 -0.213229895 -0.127577946 0.234556392 -0.068855979 -0.047354549 0.968503833
1403636872401666560.000000 -0.014802715 -0.199636072 -0.122820422 0.248569608 -0.052194469 -0.041405782 0.966320038
1403636872601666560.000000 -0.047739089 -0.196669951 -0.121492952 0.248427927 -0.042675126 -0.037013132 0.967001796
1403636873251666432.000000 0.174174815 -0.205630615 -0.118520543 0.248145506 -0.076480858 -0.043794055 0.964705408
1403636873551666432.000000 0.353102207 -0.208600327 -0.119705409 0.253040940 -0.099707462 -0.053813569 0.960798025
1403636873751666432.000000 0.441798627 -0.199747533 -0.124354787 0.260427862 -0.112934142 -0.057212476 0.957157195
1403636875301666560.000000 0.011292728 -0.174905404 -0.065795809 0.214201361 -0.104000896 -0.071601085 0.968594253
1403636875551666432.000000 -0.027385373 -0.158525482 -0.098968983 0.216103286 -0.132656530 -0.119651996 0.959888041
1403636875701666560.000000 -0.022761060 -0.143228531 -0.151437923 0.219142914 -0.144894451 -0.134407133 0.955466747
1403636875801666560.000000 -0.006444536 -0.131010547 -0.189465165 0.216677383 -0.162376687 -0.139540285 0.952477396
1403636875901666560.000000 0.017293960 -0.118599616 -0.228394508 0.218379751 -0.181607172 -0.146531731 0.947553456
1403636876001666560.000000 0.048568144 -0.110609360 -0.264963478 0.218105018 -0.205554202 -0.155490190 0.941275954
1403636876201666560.000000 0.138085544 -0.108188100 -0.312774569 0.203699052 -0.261562258 -0.166678309 0.928606570
1403636876501666560.000000 0.310393572 -0.121166684 -0.291843325 0.208987445 -0.305419892 -0.175685823 0.912237585
1403636876701666560.000000 0.418233365 -0.151116103 -0.217682868 0.192095414 -0.304518759 -0.151371807 0.920572817
1403636876851666432.000000 0.457138747 -0.181477442 -0.144218341 0.186593875 -0.279772282 -0.128702685 0.932923257
1403636876951666432.000000 0.455797553 -0.199462563 -0.091128573 0.181767464 -0.255143881 -0.111709394 0.943071127
1403636877051666432.000000 0.433727026 -0.214638993 -0.037484903 0.178085953 -0.222035959 -0.095231377 0.953895390
1403636877151666432.000000 0.391135871 -0.226111069 0.010378104 0.176035374 -0.181866795 -0.077184789 0.964353919
1403636877301666560.000000 0.299464524 -0.239073172 0.062367622 0.178517789 -0.119770043 -0.053073786 0.975176752
1403636877401666560.000000 0.228183240 -0.240455016 0.080291882 0.181257173 -0.081369743 -0.036941245 0.979367197
1403636877551666432.000000 0.123716876 -0.231959328 0.075754844 0.192525178 -0.032990236 -0.022610812 0.980476618
1403636877651666432.000000 0.064473443 -0.218036398 0.056403916 0.203849584 -0.010782205 -0.020197352 0.978734434
1403636877751666432.000000 0.016358091 -0.202844277 0.024390589 0.213963866 0.001772652 -0.024518002 0.976532221
1403636877801666560.000000 -0.002551511 -0.195114285 0.004976280 0.219345465 0.003193920 -0.028145898 0.975235939
1403636877901666560.000000 -0.031385317 -0.177411765 -0.038225397 0.228522852 -0.002711985 -0.035099383 0.972901821
1403636878001666560.000000 -0.045218430 -0.157659024 -0.083521232 0.237627983 -0.018065874 -0.041669145 0.970293880
1403636878101666560.000000 -0.042972211 -0.139124334 -0.125788853 0.242755800 -0.041570023 -0.049689714 0.967921734
1403636878251666432.000000 -0.010024825 -0.111772597 -0.184042662 0.236335963 -0.082948588 -0.065185457 0.965927362
1403636878351666432.000000 0.029738557 -0.098458670 -0.217506781 0.229990184 -0.106003545 -0.081405617 0.963971436
1403636878501666560.000000 0.112634510 -0.090158962 -0.252923846 0.225926444 -0.144269168 -0.100392975 0.958157063
1403636878651666432.000000 0.205408260 -0.098954901 -0.264891088 0.220195010 -0.187118933 -0.109471582 0.951060772
1403636879151666432.000000 0.454752624 -0.177475721 -0.156357586 0.198661089 -0.226263478 -0.113311820 0.946836352
1403636879501666560.000000 0.434025198 -0.241621330 -0.024661934 0.166565657 -0.173745930 -0.075234622 0.967681766
1403636880001666560.000000 0.165114373 -0.253493667 -0.018560670 0.194801226 -0.064742424 -0.047855388 0.977532983
1403636882701666560.000000 0.254089564 -0.167922571 -0.075026512 0.115517683 -0.069699220 -0.019691743 0.990661383
1403636882951666432.000000 0.216070011 -0.141286209 -0.013608196 0.053664330 -0.008225340 -0.002694410 0.998521507
1403636883551666432.000000 0.172065556 -0.056943502 0.097995996 0.018450664 0.062190164 0.031294089 0.997402966
1403636888801666560.000000 0.170478567 -0.041236706 0.114093304 -0.012177276 0.093421496 0.040206168 0.994739950
1403636897601666560.000000 0.201784864 -0.030443158 0.081620544 0.014511050 0.076497853 0.048854675 0.995766401
1403636897701666560.000000 0.215343148 -0.030165268 0.065851361 0.032217111 0.068609349 0.057304151 0.995475292
1403636897801666560.000000 0.228285462 -0.036948949 0.048043478 0.046522561 0.064538382 0.064802445 0.994721591
1403636897851666432.000000 0.234160453 -0.043419752 0.039662473 0.052539222 0.063771762 0.067274816 0.994307220
1403636897901666560.000000 0.239081070 -0.051583793 0.032371704 0.056108236 0.063485056 0.068958841 0.994015217
1403636897951666432.000000 0.243485972 -0.062347159 0.025804494 0.053467885 0.064344503 0.069895767 0.994040012
1403636898101666560.000000 0.253524572 -0.087494209 0.016954133 0.036954924 0.070169210 0.068097450 0.994521677
1403636898301666560.000000 0.261162728 -0.115120918 0.014360186 0.030859241 0.076961219 0.068909198 0.994171083
1403636898451666432.000000 0.261944979 -0.144504875 0.014098059 0.031734243 0.082098462 0.070858300 0.993595421
1403636898701666560.000000 0.258452326 -0.200667322 0.020109750 0.033597287 0.088722602 0.073423818 0.992778182
1403636898901666560.000000 0.250779063 -0.241413638 0.035545804 0.035652254 0.093796812 0.069462404 0.992525101
1403636899101666560.000000 0.243706211 -0.277445406 0.063735686 0.035425775 0.091782033 0.055209462 0.993616104
1403636899201666560.000000 0.244544744 -0.295153558 0.084630042 0.028753359 0.078679830 0.052242298 0.995114803
1403636899251666432.000000 0.246110007 -0.304556549 0.097127751 0.022662977 0.070203669 0.049158029 0.996062875
1403636899301666560.000000 0.248736948 -0.313771755 0.108365141 0.017254604 0.060285173 0.045658197 0.996987104
1403636899351666432.000000 0.252545744 -0.321984231 0.120078593 0.011912340 0.048445500 0.042628791 0.997844636
1403636899551666432.000000 0.272648811 -0.350691706 0.160152465 0.013456944 0.006062736 0.022624964 0.999635100
1403636899651666432.000000 0.284629077 -0.362287700 0.175976649 0.020188833 -0.006697217 0.013245889 0.999686003
1403636900001666560.000000 0.352617651 -0.395871103 0.235716939 0.020433694 -0.033236876 0.019980147 0.999038815
1403636900151666432.000000 0.387230992 -0.410457820 0.261921108 0.007678204 -0.034823801 0.022991082 0.999099493
1403636900301666560.000000 0.420084447 -0.438493013 0.278235972 0.006880891 -0.033733580 0.026924653 0.999044418
1403636900501666560.000000 0.460984260 -0.495012701 0.285764992 0.021986419 -0.027731661 0.028454248 0.998968422
1403636900651666432.000000 0.492335200 -0.530412316 0.293826252 0.029232128 -0.023327956 0.028570654 0.998891890
1403636900801666560.000000 0.524158359 -0.554746807 0.308300823 0.041249622 -0.018907180 0.025551092 0.998643160
1403636900951666432.000000 0.559518278 -0.572768509 0.334640503 0.035008855 -0.012952121 0.014782060 0.999193728
1403636901051666432.000000 0.586819887 -0.578554928 0.358111560 0.031171519 -0.011189297 0.010552113 0.999395728
1403636901201666560.000000 0.634952188 -0.586602211 0.394659668 0.028394325 -0.010126714 0.007207879 0.999519527
1403636901301666560.000000 0.674454331 -0.591905057 0.420970768 0.026911706 -0.011551267 0.011690094 0.999502718
1403636901401666560.000000 0.717104793 -0.608504891 0.447489381 0.026542619 -0.013155537 0.015931509 0.999434114
1403636901501666560.000000 0.763382196 -0.629826963 0.471360862 0.025423883 -0.015376941 0.021812506 0.999320447
1403636901651666432.000000 0.833627105 -0.658851385 0.510336399 0.022749526 -0.017565068 0.026811955 0.999227226
1403636901751666432.000000 0.880179167 -0.669648051 0.540013790 0.020240407 -0.017139385 0.024941798 0.999337018
1403636901901666560.000000 0.953121126 -0.677363515 0.580017626 0.020397386 -0.017493429 0.026406191 0.999290049
1403636902101666560.000000 1.053005219 -0.677729666 0.638450563 0.019258671 -0.016890170 0.029363036 0.999240518
1403636902301666560.000000 1.148418665 -0.696422994 0.689389765 0.020224487 -0.016008774 0.027456239 0.999290168
1403636902551666432.000000 1.270398140 -0.672851264 0.762111843 0.021763066 -0.021789918 0.028889490 0.999108076
1403636902951666432.000000 1.456779599 -0.648747087 0.873963594 0.014591470 -0.026625508 0.033044454 0.998992622
1403636903551666432.000000 1.674405098 -0.792964339 0.964814782 0.024072779 -0.018075807 0.039394766 0.998770177
1403636904201666560.000000 1.896292806 -0.913546026 1.100071192 0.026766771 -0.008426830 0.015294869 0.999489188
1403636904651666432.000000 2.098563194 -1.054988623 1.203785658 0.023095042 -0.017227463 0.025059292 0.999270678
1403636905251666432.000000 2.389851809 -1.144330621 1.358237147 0.021976426 -0.032877319 0.036979645 0.998533249
1403636905901666560.000000 2.605952024 -1.275274158 1.527253509 0.032570887 -0.014704625 0.042590104 0.998453319
1403636906801666560.000000 2.765050173 -1.386700749 1.899513721 0.026214328 -0.004368693 0.032790758 0.999108851
1403636907651666432.000000 2.918691397 -1.513164878 2.296171904 0.041291047 0.008269546 0.024620907 0.998809516
1403636908101666560.000000 3.035275459 -1.643806696 2.571136951 0.026155278 0.007601112 0.036205977 0.998973131
1403636908401666560.000000 3.128453016 -1.715035200 2.755727291 0.022684680 0.012678786 0.043128848 0.998731494
1403636908651666432.000000 3.200666189 -1.749001980 2.916732311 0.026541639 0.017968554 0.045282334 0.998459876
1403636908901666560.000000 3.265320539 -1.816193104 3.070788860 0.038176525 0.021882644 0.041282300 0.998178065
1403636909101666560.000000 3.319940329 -1.905000329 3.193099499 0.040865611 0.024566565 0.036868557 0.998181939
1403636909401666560.000000 3.403562546 -2.006664276 3.406811237 0.039314944 0.022490414 0.035951242 0.998326600
1403636909601666560.000000 3.466855288 -2.050141573 3.567179203 0.031033309 0.019465799 0.036925435 0.998646379
1403636909801666560.000000 3.538452864 -2.080968380 3.731155157 0.018811183 0.017324960 0.037030529 0.998986840
1403636909901666560.000000 3.573738098 -2.095874786 3.815942764 0.013611757 0.011612054 0.052092317 0.998481989
1403636910001666560.000000 3.606197596 -2.088444710 3.899265289 0.005543210 0.006484656 0.066295214 0.997763574
1403636910101666560.000000 3.637491941 -2.089796305 3.976392984 0.003873455 0.007595196 0.065021574 0.997847438
1403636910301666560.000000 3.680740595 -2.090032101 4.123150349 0.017937735 0.014121982 0.048584301 0.998558164
1403636910501666560.000000 3.715193987 -2.120945930 4.247086525 0.023855017 0.017407795 0.047099411 0.998453557
1403636910801666560.000000 3.758414268 -2.170595169 4.442307472 0.026376115 0.018837202 0.047881532 0.998327017
1403636911051666432.000000 3.799321890 -2.180968523 4.598434925 0.008429854 0.023676166 0.038344316 0.998948514
1403636911201666560.000000 3.817901134 -2.199707270 4.696170330 0.009945222 0.022616168 0.040551178 0.998871982
1403636911351666432.000000 3.840199947 -2.228548288 4.774101734 0.021904154 0.020279456 0.045671884 0.998510420
1403636911501666560.000000 3.861972570 -2.276021957 4.847994328 0.023572076 0.019143723 0.047362864 0.998416066
1403636911701666560.000000 3.885184288 -2.329235077 4.944025993 0.024215348 0.018353174 0.047952738 0.998387337
1403636911901666560.000000 3.907957077 -2.362607479 5.045240879 0.027718980 0.021828089 0.032975841 0.998833179
1403636912101666560.000000 3.942786694 -2.375548363 5.150730610 0.030267144 0.020932890 0.030459058 0.998858333
1403636912251666432.000000 3.970232725 -2.392065287 5.242379665 0.026812194 0.018960869 0.035522789 0.998829186
1403636912451666432.000000 4.013790131 -2.433348179 5.350748062 0.025493143 0.017644549 0.036276881 0.998860717
1403636912601666560.000000 4.050738811 -2.449829102 5.428289413 0.025751857 0.018318439 0.030606279 0.999031782
1403636912701666560.000000 4.076269627 -2.459711313 5.491343498 0.025914559 0.019573251 0.024195245 0.999179602
1403636912801666560.000000 4.100529671 -2.461919785 5.547167301 0.024771729 0.020452281 0.018637944 0.999310136
1403636912901666560.000000 4.134062767 -2.464820623 5.606930256 0.023742517 0.018855792 0.021895424 0.999300420
1403636913001666560.000000 4.173929214 -2.467496395 5.673088074 0.018221164 0.016649777 0.029009433 0.999274373
1403636913101666560.000000 4.209352016 -2.457796335 5.732886314 0.013222917 0.014661920 0.034542140 0.999208212
1403636913201666560.000000 4.256642818 -2.456144094 5.786439896 0.009024829 0.014311362 0.038464196 0.999116719
1403636913301666560.000000 4.293791771 -2.462661982 5.840356827 0.010529309 0.014008608 0.040084310 0.999042630
1403636913401666560.000000 4.334152222 -2.469449043 5.885769367 0.015997302 0.015824484 0.035140790 0.999128997
1403636913601666560.000000 4.412884235 -2.494985580 5.973252773 0.021016426 0.015450085 0.033125602 0.999110758
1403636913801666560.000000 4.498177052 -2.507705927 6.062813759 0.021323377 0.013068555 0.037270270 0.998992205
1403636914101666560.000000 4.628026009 -2.553172827 6.184335709 0.019801868 0.013914291 0.036730111 0.999032140
1403636914501666560.000000 4.802767754 -2.606287956 6.326308727 0.019242793 0.010438917 0.042766098 0.998845220
1403636914801666560.000000 4.925616264 -2.681142330 6.411445141 0.016138546 0.008257141 0.044763651 0.998833120
1403636915301666560.000000 5.110032082 -2.731673717 6.553816795 0.036436044 0.003516608 0.045388065 0.998298526
1403636915701666560.000000 5.230020523 -2.757919788 6.708053112 0.022358315 0.011694897 0.024164401 0.999389529
1403636915951666432.000000 5.312662601 -2.823967695 6.791896820 0.017517196 0.012323140 0.025217891 0.999452531
1403636916251666432.000000 5.429943562 -2.898334265 6.887961864 0.017646635 0.007706502 0.045587447 0.998774767
1403636916501666560.000000 5.521678925 -2.954859734 6.951530457 0.017467026 -0.000227635 0.046344705 0.998772740
1403636916801666560.000000 5.618766785 -3.003362894 7.041811943 0.016283371 -0.037554726 0.037337527 0.998463988
1403636917101666560.000000 5.694235802 -3.001997709 7.133067608 0.015684208 -0.051623128 0.030956222 0.998063505
1403636917251666432.000000 5.723738194 -2.985259056 7.182576180 0.015509195 -0.057991259 0.022961350 0.997932494
1403636917401666560.000000 5.760504723 -2.957423210 7.230343342 0.013141619 -0.082130328 0.018150028 0.996369660
1403636917501666560.000000 5.782621384 -2.932970285 7.260692120 0.012557338 -0.101843081 0.012045672 0.994648278
1403636917601666560.000000 5.797133446 -2.909681320 7.291057587 0.010953371 -0.116627686 0.005035094 0.993102551
1403636917701666560.000000 5.815936089 -2.896156073 7.316589355 0.009551111 -0.127052024 0.000527162 0.991849959
1403636917801666560.000000 5.828464985 -2.885520697 7.335350990 0.008270952 -0.136942789 -0.002123430 0.990542173
1403636917951666432.000000 5.845954895 -2.884374380 7.362470627 0.007279502 -0.147586018 -0.003070883 0.989017665
1403636918301666560.000000 5.859921455 -2.872312784 7.409458160 0.015404416 -0.156386361 0.002235605 0.987573266
1403636918501666560.000000 5.851877689 -2.883887291 7.429417610 0.036311630 -0.154981390 0.002084439 0.987247646
1403636918651666432.000000 5.839678764 -2.916688919 7.445752144 0.038685661 -0.152388215 0.002799559 0.987559319
1403636918751666432.000000 5.823069572 -2.953112602 7.461030960 0.033890445 -0.148376912 -0.002583115 0.988346636
1403636919001666560.000000 5.798207760 -3.064335346 7.501940727 0.009571962 -0.142462969 -0.035181746 0.989128351
1403636919101666560.000000 5.795980453 -3.107194662 7.512548923 0.004033848 -0.146620795 -0.042756364 0.988260090
1403636919201666560.000000 5.798709393 -3.155622959 7.523657322 0.001788327 -0.151825011 -0.044890355 0.987385869
1403636919301666560.000000 5.808871269 -3.202909231 7.526748657 0.000937930 -0.156943560 -0.044667583 0.986596525
1403636919401666560.000000 5.823736191 -3.238513947 7.525203228 0.000354998 -0.163480178 -0.042578839 0.985627294
1403636919551666432.000000 5.854690552 -3.282613754 7.523485184 0.001524820 -0.175317913 -0.027674748 0.984121621
1403636919701666560.000000 5.888810158 -3.311914444 7.518595695 0.001027163 -0.182116926 -0.017665336 0.983117640
1403636919851666432.000000 5.916850090 -3.328929424 7.514041424 -0.000985422 -0.182782277 -0.019488366 0.982959747
1403636920001666560.000000 5.943058014 -3.330890417 7.507941723 -0.004409325 -0.180759653 -0.025476575 0.983187377
1403636920151666432.000000 5.972111702 -3.319080591 7.494903564 -0.008411499 -0.176433191 -0.034179360 0.983683050
1403636920351666432.000000 6.011286259 -3.279177189 7.469688416 -0.007379053 -0.178552508 -0.023651415 0.983618379
1403636920651666432.000000 6.068172932 -3.229092121 7.398839474 0.009333422 -0.181450725 -0.011950038 0.983283162
1403636921801666560.000000 6.149750710 -3.158241987 7.105299473 0.035786208 -0.180811331 -0.037289668 0.982158899
1403636922201666560.000000 6.212954998 -3.066998482 7.052219391 0.013150604 -0.199454889 -0.021704981 0.979578316
1403636922601666560.000000 6.255965233 -3.016282082 7.003026009 0.036265995 -0.226207301 -0.030810075 0.972916126
1403636923151666432.000000 6.300271034 -2.964861870 6.982137680 -0.006651901 -0.253899425 -0.058018487 0.965466022
1403636923601666560.000000 6.339052200 -2.866454601 6.913980484 0.042409446 -0.292122692 -0.064317577 0.953272820
1403636924701666560.000000 6.563017845 -2.940183163 7.136735439 0.007831773 -0.283805668 -0.081338435 0.955393672
1403636925101666560.000000 6.733727932 -2.933417082 7.242139339 -0.005044047 -0.296396434 -0.081429295 0.951573968
1403636925501666560.000000 6.908816338 -2.849170208 7.321886539 0.046789933 -0.322076708 -0.066398107 0.943222463
1403636926201666560.000000 7.281435966 -2.929152012 7.636631012 -0.001653297 -0.324234188 -0.065146670 0.943729520
1403636927051666432.000000 7.660334587 -2.972331762 7.924166679 0.006580947 -0.342705697 -0.098913208 0.934197843
1403636927501666560.000000 7.890274048 -2.917718172 7.995446205 0.028895559 -0.424445540 -0.118554398 0.897193313
1403636928101666560.000000 8.277152061 -2.922441721 8.133991241 0.039770659 -0.443457961 -0.122467265 0.886997819
1403636928601666560.000000 8.670066833 -2.923154354 8.332195282 0.002810543 -0.441441119 -0.108018428 0.890760243
1403636929351666432.000000 9.162695885 -3.130708218 8.555226326 -0.010861586 -0.433753878 -0.124574445 0.892312050
1403636930001666560.000000 9.536022186 -3.212454796 8.643382072 0.001173686 -0.435866863 -0.105428219 0.893814087
1403636930501666560.000000 9.760906219 -3.314650059 8.646495819 0.003936275 -0.435869187 -0.107383184 0.893572271
1403636930901666560.000000 9.912290573 -3.339299679 8.630635262 -0.007399368 -0.431390226 -0.122978330 0.893713653
1403636931051666432.000000 9.972597122 -3.321422100 8.618248940 -0.013485045 -0.438580334 -0.136682764 0.888134718
1403636931301666560.000000 10.073757172 -3.302515268 8.562992096 -0.019173406 -0.466379225 -0.115444340 0.876809776
1403636931451666432.000000 10.123117447 -3.300361156 8.512550354 -0.014726778 -0.476722270 -0.104342565 0.872715116
1403636931601666560.000000 10.158408165 -3.305267572 8.451106071 -0.004149894 -0.485337853 -0.090163141 0.869655430
1403636931951666432.000000 10.172572136 -3.299365997 8.341707230 0.002400140 -0.481909603 -0.113969944 0.868773997
1403636932401666560.000000 10.144772530 -3.224700451 8.210259438 -0.005662257 -0.492843240 -0.093970999 0.865010381
1403636932851666432.000000 9.998822212 -3.257186413 8.052054405 -0.010015925 -0.530446529 -0.122261308 0.838795781
1403636933351666432.000000 9.736781120 -3.216936588 7.902859688 0.027029680 -0.555822074 -0.162241936 0.814867377
1403636934151666432.000000 9.405927658 -3.129735708 7.780316353 -0.006490111 -0.582232594 -0.158047989 0.797486007
1403636934501666560.000000 9.269885063 -3.044146538 7.721022129 -0.016864810 -0.646437883 -0.190497339 0.738609791
1403636934601666560.000000 9.226767540 -3.027039289 7.691403389 -0.017407818 -0.665589869 -0.199169844 0.719039917
1403636934651666432.000000 9.204415321 -3.024257421 7.678687096 -0.018194897 -0.674462080 -0.203506365 0.709475160
1403636934701666560.000000 9.182801247 -3.018438816 7.659590244 -0.014728640 -0.681701303 -0.207078367 0.701558948
1403636935001666560.000000 9.042720795 -3.025098801 7.550646782 0.009735314 -0.704820335 -0.215310931 0.675851107
1403636935201666560.000000 8.960950851 -3.069737911 7.476866722 -0.002503490 -0.707354367 -0.207209155 0.675801635
1403636935451666432.000000 8.860120773 -3.104529142 7.390674114 -0.011922617 -0.701476753 -0.208052367 0.681544125
1403636935951666432.000000 8.651131630 -3.032193899 7.227394581 0.008923578 -0.690694273 -0.220674723 0.688595951
1403636936251666432.000000 8.568480492 -2.932451010 7.125378609 0.020998627 -0.689020336 -0.225256950 0.688526928
1403636936851666432.000000 8.526916504 -2.829878807 6.903380394 0.001022623 -0.703638852 -0.203758866 0.680715501
1403636937551666432.000000 8.497879028 -2.765914440 6.660328865 -0.000545399 -0.708515227 -0.205799803 0.675020218
1403636937901666560.000000 8.487329483 -2.668040752 6.580104351 0.006865981 -0.717767894 -0.186138481 0.670905769
1403636938301666560.000000 8.454947472 -2.538320065 6.562657356 -0.024096757 -0.729207039 -0.183685526 0.658738196
1403636938901666560.000000 8.231019974 -2.461717367 6.446545124 -0.021439446 -0.725907981 -0.228615448 0.648330867
1403636939301666560.000000 8.059720993 -2.381468773 6.262367249 -0.009056510 -0.728368580 -0.215400457 0.650384426
1403636939651666432.000000 7.905945301 -2.309703827 6.110318184 -0.020222694 -0.727575064 -0.198795676 0.656281829
1403636939901666560.000000 7.776304245 -2.279059649 5.996850491 -0.023352046 -0.727103472 -0.199248299 0.656563222
1403636940251666432.000000 7.562816143 -2.176806927 5.847579956 -0.022429638 -0.737124443 -0.219409227 0.638751984
1403636940501666560.000000 7.393141747 -2.074791908 5.736773968 -0.023700563 -0.744060397 -0.222922817 0.629378974
1403636941101666560.000000 6.994613647 -1.952008367 5.397898674 0.002041123 -0.748343289 -0.227863073 0.622941852
1403636941201666560.000000 6.936639309 -1.950022817 5.335658073 -0.000566134 -0.748807907 -0.224898487 0.623463750
1403636941301666560.000000 6.879661560 -1.952243567 5.271213055 -0.004338225 -0.748965621 -0.220491201 0.624832213
1403636941451666432.000000 6.795660019 -1.948455334 5.181550026 -0.006022052 -0.748024702 -0.215477243 0.627688050
1403636941551666432.000000 6.739147186 -1.937068701 5.126899719 -0.005841313 -0.746684849 -0.213717759 0.629882812
1403636941651666432.000000 6.684480667 -1.920204639 5.073222160 -0.004786826 -0.745068669 -0.213065907 0.632022679
1403636941751666432.000000 6.628985405 -1.901505351 5.020799637 -0.003400756 -0.743605971 -0.213103727 0.633739233
1403636941851666432.000000 6.575184822 -1.884026170 4.970885277 -0.003409068 -0.742110729 -0.213993594 0.635190308
1403636942001666560.000000 6.493546963 -1.870035291 4.892077923 -0.003622471 -0.739435911 -0.217993900 0.636945903
1403636942201666560.000000 6.383208752 -1.871865749 4.785480499 -0.009377792 -0.738586605 -0.220854640 0.636887074
1403636942551666432.000000 6.197938919 -1.815903902 4.601712227 -0.017490156 -0.738066673 -0.231846303 0.633402705
1403636942951666432.000000 5.996961594 -1.691334248 4.376612663 -0.004640438 -0.744843841 -0.225096181 0.628106475
1403636943551666432.000000 5.713060379 -1.584476709 4.017934799 -0.009160272 -0.755223513 -0.213791966 0.619553506
1403636944051666432.000000 5.441854477 -1.383288383 3.809277058 0.010370377 -0.739519656 -0.230906859 0.632206619
1403636945701666560.000000 4.953583717 -1.240040541 3.376062870 0.012869480 -0.715388834 -0.209628701 0.666415095
1403636946901666560.000000 4.753133297 -0.915853620 3.590233803 -0.025547711 -0.721014261 -0.235350147 0.651226580
1403636947101666560.000000 4.713839531 -0.850026131 3.615665197 -0.035825279 -0.715695858 -0.251153141 0.650705874
1403636947401666560.000000 4.666761875 -0.752045631 3.593396187 0.028714152 -0.719848394 -0.245660692 0.648571253
1403636949251666432.000000 5.318802834 -0.623748660 3.754656315 -0.008144046 -0.717790067 -0.199129924 0.667126954
1403636949851666432.000000 5.517297745 -0.597973228 4.002988338 -0.004374149 -0.708524823 -0.220405221 0.670369267
1403636950201666560.000000 5.610078335 -0.634734511 4.086850166 0.011478637 -0.706300020 -0.231263980 0.668973446
1403636950651666432.000000 5.805128574 -0.632900834 4.179692745 0.016459284 -0.718830407 -0.195760846 0.666850567
1403636951051666432.000000 5.972703457 -0.688750505 4.290493488 -0.005231091 -0.714350879 -0.201817811 0.670033574
1403636951351666432.000000 6.080888748 -0.740688086 4.369950294 0.006656868 -0.707358897 -0.224379376 0.670263350
1403636951501666560.000000 6.142463207 -0.747293591 4.403001308 0.016747933 -0.706509650 -0.227354795 0.669980168
1403636951651666432.000000 6.211383343 -0.752824187 4.442663193 0.020121299 -0.708296001 -0.223866954 0.669175208
1403636951801666560.000000 6.298224926 -0.753834486 4.478785992 0.015310642 -0.711369514 -0.214710817 0.669042826
1403636952201666560.000000 6.522037983 -0.808035135 4.590440273 0.008898195 -0.717366278 -0.196319252 0.668404937
1403636952401666560.000000 6.636840820 -0.812532544 4.664996147 -0.010061271 -0.715073824 -0.201090842 0.669425666
1403636952551666432.000000 6.724158764 -0.797690153 4.721787930 -0.008469223 -0.715701520 -0.196872354 0.670030534
1403636952701666560.000000 6.789203644 -0.785284400 4.781196117 -0.006194376 -0.716702402 -0.192870185 0.670149565
1403636952851666432.000000 6.855984211 -0.781441808 4.839454174 0.001770227 -0.714437604 -0.200549871 0.670339823
1403636953001666560.000000 6.913476467 -0.782580256 4.898573399 0.002895210 -0.709982693 -0.216436550 0.670127928
1403636953201666560.000000 7.000230789 -0.761836529 4.977738380 -0.002364896 -0.706269264 -0.228619888 0.670008242
1403636953451666432.000000 7.109940052 -0.732884645 5.062186718 0.002605697 -0.709065437 -0.218545198 0.670415878
1403636953601666560.000000 7.186516762 -0.729237080 5.095902443 0.007811274 -0.711049795 -0.209175035 0.671262264
1403636953701666560.000000 7.235161781 -0.734785080 5.121179104 0.016699975 -0.710985601 -0.207089216 0.671814442
1403636953751666432.000000 7.260521412 -0.743111610 5.132870674 0.020391783 -0.710857213 -0.206484750 0.672034442
1403636953851666432.000000 7.316335201 -0.757916451 5.151419640 0.025990440 -0.711250722 -0.201219752 0.673021138
1403636953951666432.000000 7.367927551 -0.781674147 5.176187515 0.022540931 -0.709885836 -0.202698544 0.674141943
1403636954201666560.000000 7.517596722 -0.840247869 5.254185677 0.015690183 -0.707955003 -0.205908284 0.675392687
1403636954301666560.000000 7.570503235 -0.863449574 5.291050911 0.017590910 -0.707741380 -0.206981182 0.675241768
1403636954501666560.000000 7.704641342 -0.918286085 5.366637707 0.019623924 -0.707526326 -0.213676229 0.673323035
1403636954901666560.000000 7.980156898 -0.996898651 5.544334888 0.006978326 -0.719987273 -0.204659715 0.663086712
1403636955001666560.000000 8.056690216 -0.985271931 5.598194599 0.002803734 -0.723187029 -0.202268228 0.660363734
1403636955051666432.000000 8.093656540 -0.981214762 5.626847744 0.003354827 -0.724706352 -0.202331081 0.658674121
1403636955151666432.000000 8.166254997 -0.976554394 5.679086208 0.006488229 -0.727617025 -0.201503202 0.655688822
1403636955301666560.000000 8.266003609 -0.993956089 5.763714790 0.005719493 -0.732099354 -0.203286588 0.650132537
1403636955501666560.000000 8.394224167 -1.031257153 5.877053738 0.006846926 -0.737469852 -0.203884453 0.643834174
1403636955751666432.000000 8.556015015 -1.058182240 6.030012131 0.007112239 -0.740564167 -0.205568299 0.639731050
1403636956051666432.000000 8.735338211 -1.128403664 6.210274220 -0.012670079 -0.737171471 -0.222238198 0.637987435
1403636956101666560.000000 8.765819550 -1.149446249 6.237344265 -0.017677164 -0.736013710 -0.226261824 0.637790680
1403636956301666560.000000 8.873607635 -1.208262205 6.343571663 -0.020678101 -0.736843646 -0.230779067 0.635118008
1403636956551666432.000000 8.995568275 -1.241646051 6.464303493 -0.002748747 -0.742901385 -0.208641961 0.636049151
1403636956751666432.000000 9.082059860 -1.254696608 6.576210022 -0.023267917 -0.721545756 -0.209685624 0.659440875
1403636956951666432.000000 9.154006958 -1.268482447 6.662871838 -0.022158194 -0.683092773 -0.206467941 0.700188756
1403636957151666432.000000 9.206077576 -1.303028584 6.733022213 -0.005658345 -0.644505262 -0.178876191 0.743360102
1403636957351666432.000000 9.249350548 -1.354823351 6.788449287 0.002234285 -0.611990452 -0.163628131 0.773749650
1403636957451666432.000000 9.262433052 -1.369605064 6.822959900 0.002182181 -0.601789832 -0.160811290 0.782294035
1403636957601666560.000000 9.292561531 -1.387500286 6.872342110 0.000018505 -0.590364516 -0.160812184 0.790954590
1403636957751666432.000000 9.317790985 -1.381367803 6.923115253 -0.002056969 -0.572561800 -0.158276990 0.804435909
1403636957801666560.000000 9.323888779 -1.375443459 6.940574169 -0.002084480 -0.563036442 -0.157194242 0.811341882
1403636957851666432.000000 9.333817482 -1.372981310 6.953452587 -0.002477347 -0.551463246 -0.156505689 0.819382787
1403636958001666560.000000 9.358362198 -1.366979957 6.999515057 -0.000417851 -0.511089861 -0.146095127 0.847020209
1403636958101666560.000000 9.367185593 -1.352628231 7.037489414 0.001053899 -0.484243155 -0.136031240 0.864293337
1403636958251666432.000000 9.390179634 -1.370368481 7.061881542 0.005183522 -0.450183988 -0.124893904 0.884143114
1403636959351666432.000000 9.610078812 -1.439540386 7.251007080 0.020764390 -0.419303358 -0.091902167 0.902943850
1403636959701666560.000000 9.671821594 -1.377327204 7.361789227 0.008644119 -0.423190832 -0.095438354 0.900958538
1403636960551666432.000000 9.754171371 -1.436206818 7.603830338 0.014337860 -0.426860750 -0.073671497 0.901197433
1403636960901666560.000000 9.727556229 -1.420395374 7.748441219 0.008955707 -0.392905802 -0.086518109 0.915455878
1403636961201666560.000000 9.677751541 -1.426198244 7.868109226 0.011267867 -0.322253585 -0.065529972 0.944315374
1403636961651666432.000000 9.585023880 -1.527054071 7.999642372 0.012279931 -0.238731280 -0.038526561 0.970243394
1403636961751666432.000000 9.552091599 -1.563110828 8.027618408 0.011003899 -0.222673327 -0.032122377 0.974301636
1403636961901666560.000000 9.522041321 -1.617073774 8.049360275 0.012717996 -0.195088252 -0.020469518 0.980489552
1403636962201666560.000000 9.446897507 -1.694929123 8.107442856 0.016130116 -0.129487410 0.000772326 0.991449535
1403636962401666560.000000 9.384838104 -1.752918482 8.134057045 0.014059408 -0.082694978 0.018456509 0.996304810
1403636962601666560.000000 9.324157715 -1.845437765 8.144218445 0.017159132 -0.035837512 0.045769703 0.998161495
1403636962751666432.000000 9.272542953 -1.892318249 8.158205986 0.015847264 -0.008729104 0.068505883 0.997486651
1403636963301666560.000000 9.010451317 -1.974710345 8.194435120 0.005294555 0.019471852 0.051395051 0.998474538
1403636963701666560.000000 8.806235313 -1.957635045 8.179916382 0.012043562 0.004082446 0.047194056 0.998804808
1403636964001666560.000000 8.652799606 -2.000590324 8.131367683 0.010752914 -0.003796678 0.046677295 0.998844922
1403636964451666432.000000 8.398196220 -2.072092056 8.011047363 0.006669484 -0.003265164 0.053058498 0.998563826
1403636964851666432.000000 8.130745888 -2.038086176 7.890928268 0.005100504 0.034076076 0.085675530 0.995727122
1403636965251666432.000000 7.808382034 -2.007320642 7.713072777 0.015163101 0.120467536 0.101754449 0.987372100
1403636965351666432.000000 7.717602253 -2.014306307 7.655871868 0.037675265 0.128525168 0.106502324 0.985250771
1403636965451666432.000000 7.628559113 -2.030384302 7.598681450 0.059261460 0.133357644 0.108398080 0.983338058
1403636965601666560.000000 7.472548008 -2.067746639 7.519026756 0.055311561 0.139659926 0.093422860 0.984229624
1403636966001666560.000000 7.087563515 -2.202041388 7.376010895 0.009742049 0.134940714 0.086824760 0.986994207
1403636966501666560.000000 6.652118683 -2.206032991 7.200059891 0.005878546 0.134951189 0.060020775 0.989015222
1403636967101666560.000000 6.253428459 -2.100271702 6.946318626 0.003123509 0.120040886 0.070788197 0.990237057
1403636968101666560.000000 5.772242069 -1.764849186 6.340493202 -0.003714858 0.112777181 0.078605622 0.990499198
1403636968451666432.000000 5.614646435 -1.567678213 6.074926376 0.001730804 0.113598481 0.075575374 0.990646601
1403636968601666560.000000 5.549340248 -1.508952260 5.942249298 0.001576772 0.112675302 0.077342145 0.990615964
1403636968751666432.000000 5.486624718 -1.457983375 5.801577568 0.000762017 0.109044582 0.087450057 0.990182400
1403636969001666560.000000 5.373279095 -1.376175046 5.553674221 0.001952722 0.109641112 0.082437493 0.990544856
1403636969101666560.000000 5.326485634 -1.351104617 5.447773933 0.003082927 0.111331932 0.076822869 0.990804672
1403636969201666560.000000 5.278931618 -1.331058502 5.338205338 0.011278548 0.111224540 0.075922228 0.990826786
1403636969401666560.000000 5.189355850 -1.313814998 5.111240864 0.030492667 0.109372884 0.077317715 0.990519941
1403636969601666560.000000 5.097194672 -1.297497034 4.896876335 0.037268862 0.106371395 0.079248779 0.990462422
1403636969651666432.000000 5.074438095 -1.291789770 4.848443508 0.037067845 0.105979927 0.079209767 0.990515053
1403636969751666432.000000 5.024813652 -1.275787115 4.750017166 0.036313459 0.105264068 0.078469217 0.990678251
1403636969901666560.000000 4.954678059 -1.243593097 4.619787216 0.037468355 0.104822457 0.078292251 0.990696073
1403636970001666560.000000 4.904051304 -1.216629028 4.540893555 0.032969929 0.105590090 0.076418422 0.990920722
1403636970101666560.000000 4.855088234 -1.187350631 4.465051174 0.022513559 0.106558137 0.076662801 0.991090953
1403636970201666560.000000 4.806554317 -1.154050589 4.393507004 0.014297977 0.107358113 0.076173261 0.991194963
1403636970351666432.000000 4.732412815 -1.101307273 4.282267094 0.013908245 0.108368576 0.075490952 0.991142750
1403636970451666432.000000 4.681503296 -1.071225762 4.206473351 0.025191963 0.107854098 0.077711269 0.990804613
1403636970651666432.000000 4.579067230 -1.016215444 4.062525749 0.041374240 0.108248465 0.079463184 0.990078807
1403636970851666432.000000 4.470571995 -0.993304908 3.929362774 0.057670701 0.109001525 0.083134018 0.988878906
1403636971251666432.000000 4.238192558 -0.937967181 3.769026279 0.046276934 0.121867210 0.047681283 0.990319788
1403636971751666432.000000 4.065511227 -0.800682545 3.724095345 0.016822999 0.120544918 0.061242297 0.990674138
1403636973551666432.000000 4.029025078 -0.632471263 3.555051327 0.025933685 0.065252386 0.061143741 0.995656073
1403636974601666560.000000 4.054423332 -0.471519530 3.555649042 0.015929120 -0.071923830 0.019280134 0.997096539
1403636975001666560.000000 4.068187714 -0.409463078 3.552450895 0.031944107 -0.169333518 -0.037133940 0.984340787
1403636975401666560.000000 4.102102757 -0.412261665 3.562040329 0.010423885 -0.224980474 -0.034880146 0.973682940
1403636975651666432.000000 4.122885704 -0.390339345 3.576000929 0.022730198 -0.226402685 -0.033561982 0.973190010
1403636975901666560.000000 4.135614872 -0.408941299 3.588131905 0.031394333 -0.227895349 -0.034250390 0.972576499
1403636976251666432.000000 4.169430256 -0.432226062 3.630491734 0.000321820 -0.278994262 -0.083036393 0.956695914
1403636976551666432.000000 4.237285137 -0.397590697 3.645560741 -0.002045501 -0.353687525 -0.102743156 0.929701447
1403636976651666432.000000 4.263651371 -0.372536242 3.653296232 0.002727451 -0.373723030 -0.097200677 0.922429204
1403636976851666432.000000 4.314914703 -0.311427832 3.648186445 0.011100168 -0.392503887 -0.101486981 0.914066672
1403636976901666560.000000 4.328814983 -0.290560305 3.650191784 0.013082204 -0.393515080 -0.104967587 0.913212180
1403636977051666432.000000 4.365908623 -0.251850367 3.657284975 0.016878357 -0.394432694 -0.111797445 0.911942601
1403636977151666432.000000 4.400513172 -0.238498092 3.652723074 0.017803019 -0.392770588 -0.114744432 0.912276268
1403636977401666560.000000 4.483603954 -0.228152156 3.648038864 0.013964278 -0.387376606 -0.110299550 0.915193081
1403636977551666432.000000 4.546185017 -0.213959932 3.640897512 0.004469785 -0.385450244 -0.100324079 0.917247653
1403636977851666432.000000 4.664078712 -0.148919642 3.637753010 0.003171636 -0.386480361 -0.111233652 0.915559888
1403636978151666432.000000 4.801348209 -0.086477578 3.610728025 0.003916684 -0.396599233 -0.104642361 0.911999822
1403636978501666560.000000 4.954629421 -0.082371950 3.548829079 0.026575927 -0.401257902 -0.104731239 0.909569800
1403636978651666432.000000 5.022854328 -0.088826954 3.527461529 0.039825901 -0.401488602 -0.109848954 0.908379912
1403636978751666432.000000 5.069494724 -0.088529587 3.526417494 0.044753604 -0.401898235 -0.111291148 0.907793581
1403636978901666560.000000 5.149758339 -0.084511220 3.527858257 0.040372115 -0.402681887 -0.109958470 0.907814145
1403636979051666432.000000 5.233965397 -0.077097535 3.549379349 0.019885916 -0.406192988 -0.099363349 0.908151269
1403636979101666560.000000 5.267701626 -0.071986794 3.555967093 0.014011705 -0.406564742 -0.097091071 0.908340275
1403636979701666560.000000 5.593766689 -0.034124970 3.681913853 0.041355029 -0.405241460 -0.105970494 0.907104969
1403636980001666560.000000 5.775433064 -0.106950760 3.775479317 0.025740739 -0.412869096 -0.099183291 0.905007839
1403636980251666432.000000 5.927725792 -0.143965006 3.885613441 0.020062000 -0.416771084 -0.099546194 0.903321624
1403636980401666560.000000 6.017079830 -0.152472317 3.958517551 0.008981846 -0.417315722 -0.100047618 0.903192878
1403636980551666432.000000 6.102886200 -0.149304390 4.040366173 0.000039717 -0.416028738 -0.101890765 0.903625131
1403636980701666560.000000 6.179787636 -0.145112932 4.113774776 -0.004456742 -0.413864881 -0.103817925 0.904388130
1403636980851666432.000000 6.250358105 -0.147894144 4.178243637 0.006348268 -0.413650423 -0.099268235 0.904985547
1403636981151666432.000000 6.381231308 -0.183191180 4.293117046 0.012665973 -0.411655426 -0.098980352 0.905859947
1403636981301666560.000000 6.441961288 -0.191906214 4.363223553 -0.000832793 -0.408459961 -0.113909036 0.905640364
1403636981451666432.000000 6.503047943 -0.191189647 4.422477245 -0.005216645 -0.408699393 -0.119955815 0.904736519
1403636981551666432.000000 6.546356201 -0.183859766 4.459837914 0.003570232 -0.414193720 -0.111009225 0.903386831
1403636981701666560.000000 6.611435413 -0.180476367 4.511837482 0.018765405 -0.421411037 -0.100024357 0.901141346
1403636981851666432.000000 6.672003269 -0.199114323 4.557611465 0.029581262 -0.425117582 -0.100274347 0.899080098
1403636982001666560.000000 6.730813026 -0.233194947 4.610552788 0.042807341 -0.425869375 -0.108309492 0.897257984
1403636982201666560.000000 6.818341732 -0.276869893 4.702399731 0.052673001 -0.423687309 -0.122038715 0.896002889
1403636982301666560.000000 6.870074272 -0.295976400 4.757009983 0.046587724 -0.421715826 -0.128468826 0.896371067
1403636982401666560.000000 6.930437565 -0.313366413 4.817337036 0.034432177 -0.421083450 -0.128416955 0.897224724
1403636982501666560.000000 6.994278908 -0.334525228 4.873481274 0.018426469 -0.420843214 -0.124841914 0.898312867
1403636982601666560.000000 7.060243130 -0.359551072 4.930758476 0.010904723 -0.421302915 -0.119394235 0.898960471
1403636982751666432.000000 7.162336349 -0.404902935 5.010564327 0.014687379 -0.418423086 -0.119735241 0.900205493
1403636982801666560.000000 7.196722031 -0.415791154 5.036115170 0.017219599 -0.417522341 -0.119315781 0.900634408
1403636982951666432.000000 7.303532124 -0.455507159 5.107950687 0.023109619 -0.417491764 -0.115442023 0.901021481
1403636983051666432.000000 7.378442764 -0.472672820 5.164751530 0.019373160 -0.418561697 -0.111208864 0.901145577
1403636983151666432.000000 7.456028938 -0.486417413 5.220864296 0.014577981 -0.419722587 -0.106712289 0.901239634
1403636983401666560.000000 7.644212723 -0.497684419 5.364628315 0.012045932 -0.423825860 -0.096970603 0.900457263
1403636983601666560.000000 7.783835411 -0.505341649 5.477064133 0.016345538 -0.425593048 -0.098479182 0.899391592
1403636983751666432.000000 7.884726524 -0.528319836 5.561529160 0.026310429 -0.426858395 -0.101819292 0.898182869
1403636983851666432.000000 7.950325012 -0.555094004 5.618209839 0.031628016 -0.428332478 -0.102815196 0.897195637
1403636984001666560.000000 8.045218468 -0.605967283 5.705224514 0.035493396 -0.429755092 -0.105953917 0.896004796
1403636984151666432.000000 8.145668983 -0.667856693 5.796124935 0.036117926 -0.431541681 -0.107259572 0.894965172
1403636984251666432.000000 8.212971687 -0.700992465 5.867718697 0.029618502 -0.434092462 -0.105308563 0.894201636
1403636984351666432.000000 8.284609795 -0.728888988 5.937649727 0.024054151 -0.435553640 -0.102890439 0.893939614
1403636984451666432.000000 8.351843834 -0.750626326 6.014370441 0.020764360 -0.437398225 -0.101021819 0.893334329
1403636984701666560.000000 8.512441635 -0.793647528 6.214615345 0.017111270 -0.438678443 -0.098324589 0.893084943
1403636984801666560.000000 8.571990013 -0.821026206 6.294753075 0.014373758 -0.437229782 -0.100689113 0.893580019
1403636984901666560.000000 8.627062798 -0.853334785 6.372272491 0.011706061 -0.435157895 -0.106334396 0.893976271
1403636985001666560.000000 8.682889938 -0.888896227 6.447329044 0.010051793 -0.434592664 -0.107704289 0.894107342
1403636985051666432.000000 8.710481644 -0.910850644 6.486323357 0.010556022 -0.434714377 -0.108114883 0.893992841
1403636985151666432.000000 8.761878967 -0.942676425 6.561169147 0.013603345 -0.435995817 -0.105456449 0.893645108
1403636985251666432.000000 8.812148094 -0.967862248 6.637741566 0.014484502 -0.437493742 -0.102928579 0.893193781
1403636985501666560.000000 8.934612274 -1.002596259 6.839337826 0.018832114 -0.428477734 -0.093641393 0.898489535
1403636985701666560.000000 9.019991875 -1.052715778 7.006392002 0.018283542 -0.416718185 -0.080516793 0.905278265
1403636986351666432.000000 9.123469353 -1.208885431 7.532948017 0.010901886 -0.404664606 -0.070859566 0.911650479
1403636986651666432.000000 9.087462425 -1.241520643 7.771010399 0.010627508 -0.396410555 -0.093249843 0.913263500
1403636986801666560.000000 9.061505318 -1.285040140 7.879592896 0.006548700 -0.393185735 -0.102310054 0.913725734
1403636987051666432.000000 9.025753021 -1.393277526 8.028510094 0.004201821 -0.396093488 -0.097899981 0.912966549
1403636987351666432.000000 8.981304169 -1.520628452 8.188903809 0.000410986 -0.401320517 -0.093477026 0.911155164
1403636987601666560.000000 8.936187744 -1.584577203 8.315375328 -0.009919751 -0.397290915 -0.080418907 0.914108515
1403636988001666560.000000 8.809823990 -1.673782587 8.474040031 -0.010687792 -0.384285033 -0.090783991 0.918677866
1403636988151666432.000000 8.747331619 -1.701866627 8.514109612 -0.006655131 -0.379707396 -0.104857929 0.919120669
1403636988351666432.000000 8.674362183 -1.729425788 8.557053566 -0.018403368 -0.378919333 -0.110654794 0.918605983
1403636988501666560.000000 8.624665260 -1.750572205 8.566877365 -0.030347444 -0.380647838 -0.104743332 0.918267429
1403636988701666560.000000 8.558389664 -1.785210013 8.545463562 -0.036303356 -0.380697340 -0.103405744 0.918182373
1403636989201666560.000000 8.372423172 -1.757363558 8.347459793 -0.049818136 -0.381333977 -0.103725493 0.917247832
1403636989501666560.000000 8.242064476 -1.704796553 8.114393234 -0.007879856 -0.389089733 -0.096247829 0.916124165
1403636989701666560.000000 8.149823189 -1.686766386 7.933465958 0.004660187 -0.392283648 -0.090385526 0.915380955
1403636990301666560.000000 7.854791641 -1.592660427 7.416744709 -0.004131305 -0.393044204 -0.083138384 0.915744066
1403636990551666432.000000 7.709763527 -1.574279308 7.191719532 0.005943483 -0.388933688 -0.085244715 0.917294145
1403636990751666432.000000 7.592522621 -1.536575198 7.020876408 0.012399430 -0.385977507 -0.085317500 0.918470740
1403636990901666560.000000 7.506520271 -1.496387243 6.905396461 0.013643078 -0.384791255 -0.084857613 0.918993354
1403636991051666432.000000 7.420556545 -1.443827629 6.794470310 0.012174939 -0.384962142 -0.083244115 0.919089973
1403636991151666432.000000 7.363949299 -1.407640338 6.727062225 0.012757068 -0.385537565 -0.083460331 0.918821216
1403636991301666560.000000 7.277697086 -1.355864763 6.625128746 0.014311966 -0.386543065 -0.083385140 0.918382585
1403636991501666560.000000 7.161730289 -1.316979408 6.491077900 0.016375342 -0.388733983 -0.084758252 0.917297006
1403636991601666560.000000 7.104453087 -1.310677767 6.424981117 0.015202547 -0.389143586 -0.088454925 0.916794360
1403636992201666560.000000 6.801784992 -1.294546127 6.033902645 0.004873324 -0.400838017 -0.094476424 0.911251545
1403636992501666560.000000 6.671420574 -1.237062931 5.851623535 0.014010314 -0.406455934 -0.094105631 0.908703148
1403636992601666560.000000 6.627336025 -1.226483107 5.791800499 0.017820299 -0.408429980 -0.094274290 0.907733321
1403636992951666432.000000 6.476415157 -1.204213858 5.606600285 0.021502541 -0.415457785 -0.091523588 0.904740810
1403636993151666432.000000 6.392847061 -1.178963423 5.521537781 0.008209185 -0.412523389 -0.095361128 0.905904710
1403636993301666560.000000 6.322702885 -1.168297291 5.462991238 0.003069671 -0.397264898 -0.093607835 0.912912250
1403636993451666432.000000 6.249168396 -1.173858166 5.398306847 0.001046992 -0.373478234 -0.086240672 0.923620820
1403636993651666432.000000 6.146724701 -1.202173471 5.301559448 0.005137048 -0.337603062 -0.074285187 0.938338697
1403636994501666560.000000 5.707505226 -1.111610413 4.920927525 -0.021001814 -0.307592958 -0.046182357 0.950164557
1403636995551666432.000000 4.996366501 -0.963169456 4.197266579 0.001770207 -0.302672833 -0.061039221 0.951136291
1403636996901666560.000000 4.212863445 -0.848897338 3.122189045 0.022738613 -0.216404781 -0.035965983 0.975376010
1403636996951666432.000000 4.188523293 -0.836756885 3.089064837 0.023352699 -0.204310551 -0.033838239 0.978042364
1403636997151666432.000000 4.091829300 -0.778671861 2.968774080 0.026789861 -0.163227469 -0.021039184 0.986000240
1403636997251666432.000000 4.045444965 -0.744220316 2.919250011 0.028185030 -0.150634930 -0.016583737 0.988048434
1403636997551666432.000000 3.931056499 -0.674079597 2.769821405 0.030136855 -0.136749059 -0.009427710 0.990102291
1403636998001666560.000000 3.782676458 -0.717163801 2.572395802 0.034378674 -0.145708635 -0.009532296 0.988684118
1403636998251666432.000000 3.707516670 -0.791872442 2.486549616 0.032264501 -0.149119660 -0.014444181 0.988187075
1403636998451666432.000000 3.654992580 -0.834719956 2.440856457 0.032446824 -0.151615068 -0.016287148 0.987772644
1403636998601666560.000000 3.620919704 -0.868528962 2.416409492 0.026190016 -0.153127387 -0.015432403 0.987738788
1403636998851666432.000000 3.566980362 -0.957762659 2.372835159 0.003260035 -0.158589661 -0.002764601 0.987335324
1403636999201666560.000000 3.476110220 -1.033707857 2.300349236 0.007229654 -0.163961306 0.006680030 0.986417651
1403636999601666560.000000 3.334090710 -1.031520724 2.230510712 0.004899819 -0.160943910 -0.006469670 0.986930192
1403636999951666432.000000 3.193480492 -0.980112255 2.167315245 0.001447292 -0.163709879 -0.004514768 0.986497164
1403637000351666432.000000 3.008588076 -0.947734952 2.050826073 0.008385336 -0.163843334 -0.002399379 0.986447811
1403637000551666432.000000 2.903755665 -0.927816629 1.990987301 0.007563776 -0.164497882 -0.001091327 0.986347854
1403637000751666432.000000 2.793529272 -0.913747013 1.921012998 0.005530628 -0.163768113 -0.003331450 0.986477733
1403637000851666432.000000 2.734882355 -0.916453958 1.881611347 0.003957846 -0.163839102 -0.005238368 0.986465216
1403637001051666432.000000 2.615863562 -0.905345440 1.805515289 0.003785783 -0.164986864 -0.005775274 0.986271620
1403637001301666560.000000 2.464647770 -0.875319004 1.702672124 0.002473870 -0.164961725 -0.009433968 0.986251771
1403637001551666432.000000 2.307915688 -0.874316573 1.580322385 0.010922125 -0.165504247 -0.014581488 0.986040771
1403637001851666432.000000 2.130489588 -0.853583395 1.433727741 0.012424247 -0.167673647 -0.016131047 0.985632241
1403637002051666432.000000 2.018395901 -0.814152956 1.343964100 0.015494972 -0.168819815 -0.015246879 0.985407174
1403637002301666560.000000 1.886234403 -0.746120870 1.235300303 0.016533641 -0.169205293 -0.014806719 0.985330880
1403637002651666432.000000 1.700392723 -0.692547977 1.086704016 0.016926829 -0.171873033 -0.006862218 0.984949768
1403637002951666432.000000 1.530043364 -0.672294140 0.962662399 0.015315104 -0.173682883 -0.012366323 0.984604895
1403637003351666432.000000 1.311428070 -0.584042370 0.827103615 0.012666062 -0.177134186 -0.017209090 0.983954728
1403637003901666560.000000 1.013170362 -0.531724751 0.620359659 0.013124654 -0.177849740 -0.019621249 0.983774483
1403637004101666560.000000 0.911564708 -0.493059993 0.545142591 0.022066191 -0.175824076 -0.015762649 0.984048009
1403637004201666560.000000 0.862260342 -0.467521816 0.514057934 0.024258124 -0.175020039 -0.014205876 0.984163463
1403637004301666560.000000 0.812044799 -0.447447926 0.484616935 0.024103854 -0.173085213 -0.015455375 0.984490573
1403637004451666432.000000 0.737343907 -0.440371811 0.438058972 0.019434508 -0.172508612 -0.018773755 0.984637320
1403637004701666560.000000 0.617151141 -0.475011766 0.348872244 0.008511147 -0.173502311 -0.032423273 0.984262764
1403637004901666560.000000 0.531749964 -0.477903068 0.281490415 0.011745827 -0.174010336 -0.047315955 0.983536303
1403637005051666432.000000 0.482767105 -0.440811902 0.242348254 0.020893788 -0.178703338 -0.042018965 0.982783258
1403637005201666560.000000 0.444318056 -0.397167742 0.206149593 0.018758746 -0.184324652 -0.030337647 0.982217968
1403637005401666560.000000 0.399345249 -0.330494612 0.165267408 0.024278570 -0.185448602 -0.025027255 0.982035160
1403637005751666432.000000 0.320424438 -0.257004559 0.097794853 0.026330287 -0.176849633 -0.029768156 0.983435214
1403637006801666560.000000 0.164745986 -0.233620778 -0.030091992 0.014785653 -0.147588044 -0.021715183 0.988699973
1403637007201666560.000000 0.159797281 -0.189624786 -0.035060860 0.015571014 -0.076999672 0.014113973 0.996809602
1403637007601666560.000000 0.154108152 -0.139521778 -0.049779154 0.014536958 -0.059835337 0.028621165 0.997691929
1403637007951666432.000000 0.127144918 -0.092175148 -0.064039163 0.018630425 -0.061474312 0.017343767 0.997784019
1403637008151666432.000000 0.109301910 -0.072047725 -0.070201308 0.024712874 -0.066994622 0.016172785 0.997316122
1403637008401666560.000000 0.087781869 -0.060278721 -0.075377136 0.044299345 -0.074826084 0.019719753 0.996016920
1403637008551666432.000000 0.072223738 -0.071324468 -0.068919390 0.024230568 -0.075329982 0.013748529 0.996769428
1403637008801666560.000000 0.048972499 -0.077484168 -0.052425303 0.019678654 -0.071546800 -0.011068044 0.997181654
1403637009551666432.000000 0.113038853 -0.006893963 0.010718884 -0.008527688 -0.042264387 0.010377540 0.999016166
1403637009601666560.000000 0.115941450 -0.009051830 0.009072215 -0.031175215 -0.029854245 -0.007075163 0.999042928
